  x01______________________x02 x03
         00|0
         01|1
         10|1
         11|1
  x02______________________x02
          0|1
          1|1
  x03______________________x03
          0|0
          1|1
  x04______________________x01 x09
         00|1
         01|0
         10|0
         11|0
  x05______________________x04
          0|1
          1|0
  x06______________________x07
          0|0
          1|1 
  x07______________________x07
          0|1
          1|1
  x08______________________x06 x08
         00|0
         01|0
         10|0
         11|1
  x09______________________x05 x06 x08 x10
        0000|0
        0001|0
        0010|0
        0011|0
        0100|0
        0101|0
        0110|0
        0111|0
        1000|0
        1001|0
        1010|0
        1011|0
        1100|0
        1101|0
        1110|1
        1111|0
 x10______________________x09
          0|0
          1|0
   x11______________________x12 
          0|0
          1|1
  x12______________________x13
          0|1
          1|0
  x13______________________x02 x14
         00|1
         01|0
         10|0
         11|0
  x14______________________x12 x07 x15 x09
        0000|0
        0001|0
        0010|0
        0011|0
        0100|0
        0101|0
        0110|0
        0111|0
        1000|0
        1001|0
        1010|0
        1011|0
        1100|0
        1101|0
        1110|1
        1111|0
  x15______________________x07 x15
         00|0
         01|0
         10|0
         11|0
  x16______________________x07 x15
         00|0
         01|0
         10|0
         11|1 
  x17______________________x07 x15 x14
        000|0
        001|0
        010|0
        011|0 
        100|0
        101|0
        110|1
        111|0 
 x18______________________x09
          0|0
          1|1
   x19______________________x21 
          0|0
          1|1
  x20______________________x03 x26
         00|1
         01|0
         10|0
         11|0
  x21______________________x20
          0|1
          1|0
  x22______________________x07
          0|0
          1|1
  x23______________________x22 x23
          00|0
          01|0
          10|0
          11|1
  x24______________________x22 x23
         00|0
         01|0
         10|0
         11|1 
  x25______________________x22 x23 x26
        000|0
        001|0
        010|0
        011|0 
        100|0
        101|0
        110|1
        111|0 
  x26______________________x21 x22 x23 x09
        0000|0
        0001|0
        0010|0
        0011|0
        0100|0
        0101|0
        0110|0
        0111|0
        1000|0
        1001|0
        1010|0
        1011|0
        1100|0
        1101|0
        1110|1
        1111|0
 x27______________________x09
           0|0
           1|1 
   x28______________________x31 
          0|0
          1|1
  x29______________________x01
          0|0
          1|1
  x30______________________x29 x36
         00|1
         01|0
         10|0
         11|1
  x31______________________x30
          0|1
          1|0
  x32______________________x06 x08 x22 x23
       0000|0
       0001|0
       0010|1
       0011|0
       0100|0
       0101|0
       0110|1
       0111|0 
       1000|1
       1001|1
       1010|1
       1011|1
       1100|0
       1101|0
       1110|1
       1111|0 
  x33______________________x32 x33
         00|0
         01|0
         10|0
         11|1
  x34______________________x32 x33
         00|0
         01|0
         10|0
         11|1 
  x35______________________x32 x33 x36
        000|0
        001|0
        010|0
        011|0 
        100|0
        101|0
        110|1
        111|0 
  x36______________________x31 x32 x33 x09
        0000|0
        0001|0
        0010|0
        0011|0
        0100|0
        0101|0
        0110|0
        0111|0
        1000|0
        1001|0
        1010|0
        1011|0
        1100|0
        1101|0
        1110|1
        1111|0
 x36______________________x09
          0|0
          1|1

