   PLT______________________IAA ARF 
         00|0
         01|1
         10|0
         11|0   
   PIN______________________PLT ARF MADS
        000|0
        001|1
        010|1
        011|1 
        100|0
        101|1
        110|1
        111|1
  AUXINAS______________________AUXINAS
          0|0
          1|1
  IAA______________________AUXINAS
          0|1
          1|0
ARF______________________IAA
          0|1
          1|0
  SHR______________________SHR
1|1
0|0
  SCR______________________SHR SCR JKD MGP
       0000|0
       0001|0
       0010|0
       0011|0
       0100|0
       0101|0
       0110|0
       0111|0
       1000|0
       1001|0
       1010|1
       1011|0
       1100|0
       1101|0
       1110|1
       1111|1
  JKD______________________SHR SCR
         00|0
         01|0
         10|0
         11|1 
  MGP______________________SHR SCR WOX5
        000|0
        001|0
        010|0
        011|0 
        100|0
        101|0
        110|1
        111|0 
  WOX5______________________ARF SHR SCR MGP WOX5
      00000|0
      00001|0
      00010|0
      00011|0
      00100|0
      00101|0
      00110|0
      00111|0
      01000|0
      01001|0
      01010|0
      01011|0
      01100|0
      01101|0
      01110|0
      01111|0
      10000|0
      10001|0
      10010|0
      10011|0
      10100|0
      10101|0
      10110|0
      10111|0
      11000|0
      11001|0
      11010|0
      11011|0
      11100|1
      11101|1
      11110|0
      11111|1
  MADS_____________________MADS
          0|1
          1|1
