   QPLT______________________QARF
          0|0
          1|1
  QAUXINAS______________________VAUXINAS CAUXINAS
         00|0
         01|1
         10|1
         11|1
  QIAA______________________QAUXINAS QWOX5
         00|1
         01|0
         10|0
         11|0
  QARF______________________QIAA
          0|1
          1|0
  QSHR______________________VSHR
          0|0
          1|1 
  QSCR______________________QSHR QSCR
         00|0
         01|0
         10|0
         11|1
  QJKD______________________QSHR QSCR
         00|0
         01|0
         10|0
         11|1 
  QMGP______________________QSHR QSCR QWOX5
        000|0
        001|0
        010|0
        011|0 
        100|0
        101|0
        110|1
        111|0 
  QWOX5______________________QARF QSHR QSCR QCLEX
        0000|0
        0001|0
        0010|0
        0011|0
        0100|0
        0101|0
        0110|0
        0111|0
        1000|0
        1001|0
        1010|0
        1011|0
        1100|0
        1101|0
        1110|1
        1111|0
 QCLEX______________________QWOX5
          0|0
          1|0
//Esta parece contradictoria, pero tiene una justificación a partir de los datos experimentales, pero en si,la regla de QCLEX sería QCLEX = 0
   VPLT______________________VARF 
          0|0
          1|1
  VAUXINAS______________________VAUXINAS
          0|1
          1|1
  VIAA______________________VAUXINAS VWOX5
         00|1
         01|0
         10|0
         11|0
  VARF______________________VIAA
          0|1
          1|0
  VSHR______________________VSHR
          0|1
          1|1
//Esta y la que sigue también se justifica en base a los datos experimentales y sus reglas son VSHR = 1 y VSCR = 0
  VSCR______________________VSHR VSCR
         00|0
         01|0
         10|0
         11|0
  VJKD______________________VSHR VSCR
         00|0
         01|0
         10|0
         11|1 
  VMGP______________________VSHR VSCR VWOX5
        000|0
        001|0
        010|0
        011|0 
        100|0
        101|0
        110|1
        111|0 
  VWOX5______________________VARF VSHR VSCR QWOX5 //VCLEX
        0000|0
        0001|0
        0010|0
        0011|0
        0100|0
        0101|0
        0110|0
        0111|0
        1000|0
        1001|0
        1010|0
        1011|0
        1100|0
        1101|0
        1110|1
        1111|0
 VCLEX______________________QWOX5
          0|0
          1|1
   CPLT______________________CARF 
          0|0
          1|1
  CAUXINAS______________________CAUXINAS
          0|0
          1|1
  CIAA______________________CAUXINAS CWOX5
         00|1
         01|0
         10|0
         11|0
  CARF______________________CIAA
          0|1
          1|0
  CSHR______________________VSHR
          0|0
          1|1
  CSCR______________________CSHR CSCR
          00|0
          01|0
          10|0
          11|1
  CJKD______________________CSHR CSCR
         00|0
         01|0
         10|0
         11|1 
  CMGP______________________CSHR CSCR CWOX5
        000|0
        001|0
        010|0
        011|0 
        100|0
        101|0
        110|1
        111|0 
  CWOX5______________________CARF CSHR CSCR QWOX5// CCLEX
        0000|0
        0001|0
        0010|0
        0011|0
        0100|0
        0101|0
        0110|0
        0111|0
        1000|0
        1001|0
        1010|0
        1011|0
        1100|0
        1101|0
        1110|1
        1111|0
 CCLEX______________________QWOX5
           0|0
           1|1 
   MPLT______________________MARF 
          0|0
          1|1
  MAUXINAS______________________QAUXINAS
          0|0
          1|1
  MIAA______________________MAUXINAS MWOX5
         00|1
         01|0
         10|0
         11|1
  MARF______________________MIAA
          0|1
          1|0
  MSHR______________________QSHR QSCR CSHR CSCR
       0000|0
       0001|0
       0010|1
       0011|0
       0100|0
       0101|0
       0110|1
       0111|0 
       1000|1
       1001|1
       1010|1
       1011|1
       1100|0
       1101|0
       1110|1
       1111|0 
  MSCR______________________MSHR MSCR
         00|0
         01|0
         10|0
         11|1
  MJKD______________________MSHR MSCR
         00|0
         01|0
         10|0
         11|1 
  MMGP______________________MSHR MSCR MWOX5
        000|0
        001|0
        010|0
        011|0 
        100|0
        101|0
        110|1
        111|0 
  MWOX5______________________MARF MSHR MSCR QWOX5 // MCLEX
        0000|0
        0001|0
        0010|0
        0011|0
        0100|0
        0101|0
        0110|0
        0111|0
        1000|0
        1001|0
        1010|0
        1011|0
        1100|0
        1101|0
        1110|1
        1111|0
 MCLEX______________________QWOX5
          0|0
          1|1

